 
9cfaaf86baea7fe0||10,03,2022,20,42,57||what time is it||-0.482347,0.476615,0.388489,-0.362561,-0.012113,0.487992,-0.543354,-1.548329,0.054533,0.746246,2.133395,-0.755839,0.169528,-0.582929,0.895295,-0.053287,-0.889973,0.78169,0.661188,-0.727389,0.171342,1.054122,1.77031,-0.169385,0.94006,1.596135,-1.333246,-0.209581,1.437968,-0.336023,-0.711263,-0.637334,-0.197375,-1.493523,1.592961,-0.090338,-0.324522,0.842424,-0.151957,-0.602061,1.269081,0.762735,0.12079,-0.495067,-1.930361,-0.623213,1.171829,0.67469,2.005978,0.051934,0.383452,1.80353,-0.994002,1.135809,0.095876,0.030473,0.785188,0.713932,0.391478,1.395962,-0.18946,-0.161877,-0.244342,-0.01263,-0.536166,-0.391581,-0.198394,1.601201,1.254053,2.160193,1.404077,-0.917645,-0.151283,1.485176,0.623705,1.524107,-1.444628,-1.349148,0.085893,0.459674,1.046016,-0.272721,-1.40626,-1.715,-0.007964,1.766662,-1.050771,0.394374,-0.873208,0.342735,0.579401,0.207763,-0.8314,-0.471538,-0.280895,0.092576,1.265164,0.71823,0.771148,2.07441,-0.052605,-1.02326,-1.834212,-1.371944,0.505093,-1.14559,1.959991,-0.800987,0.0452,0.873826,0.857001,-1.008363,0.216471,-0.918571,1.214165,1.285341,-1.219975,0.388358,0.512359,-0.511828,-1.98401,0.254807,2.165817,-1.079245,-0.989383,1.163825,-0.719315,0.566026||None
 
 
1608b5b066c31cd0||10,03,2022,20,47,14||what time is it||-0.329808,0.36249,0.978506,-0.186357,-0.62422,-0.339442,-0.111808,-0.614443,1.483916,0.852501,1.757971,-0.869919,0.451948,-0.930987,0.512488,1.136185,-0.008411,1.203589,0.538902,-0.348134,-0.135392,0.525934,1.692,-0.003764,0.410924,-1.230777,0.228534,-0.924918,1.536404,-1.053074,-0.150936,-1.288012,-0.237486,-1.424056,1.847601,0.77741,0.342692,-0.167155,-0.036172,-0.33155,0.790374,0.415691,0.285768,0.356642,-2.058881,-0.85347,0.266424,0.434701,1.579934,1.357003,0.438153,0.702869,-1.442536,0.779266,0.181999,-0.600039,0.738223,0.76653,-1.099971,1.240573,-0.806867,0.244496,0.465802,0.65095,0.265385,-0.581457,-0.044124,0.958949,1.021635,1.463917,0.583468,-3.050933,0.40203,0.875192,-0.368011,0.732677,-1.340578,-1.201087,0.620311,0.637413,1.418077,0.47017,0.120792,-1.75884,-0.735421,1.372375,-1.050812,0.198412,0.644216,-2.145812,0.601364,0.170697,-1.346382,0.097464,0.143426,-0.291274,0.791871,0.643589,0.546918,2.551754,-0.029447,-3.008568,-0.367853,-1.391158,0.661557,-0.020032,1.73269,0.776848,-0.30557,0.134076,-0.926286,0.178986,-0.402942,-1.591556,0.881702,-0.226102,1.439106,0.382848,0.855568,-0.120426,-1.543586,0.783754,1.963795,-0.781568,-1.794206,-0.285438,-0.671101,0.124197||None
 
 
3569ea93342db4ff||10,03,2022,20,47,26||what time is it||-0.762616,0.197131,0.619042,0.01971,-1.102675,0.728846,-0.732774,-1.581682,0.921601,-0.066269,1.403679,-0.08736,-0.118593,-1.26666,0.69014,-0.336878,0.115759,0.917155,1.19247,-0.072166,0.100387,-0.559682,1.360382,-1.108215,1.283366,-0.171199,-1.029653,-0.377035,1.227338,-0.444785,0.076387,-1.079005,0.001731,-0.134704,1.675461,1.649242,-0.435115,0.407207,-0.869508,-0.67034,0.702589,1.961676,0.277485,0.619158,-1.25413,-1.466237,1.252537,0.835764,1.88811,1.21168,0.314183,2.440674,-0.182497,0.889199,-0.262684,0.725385,-0.05293,0.70202,-1.212931,-0.536705,-1.075016,0.091347,0.80793,-0.497933,0.375818,-0.912977,-0.774178,1.53378,0.44786,2.007848,1.26234,-0.904085,-0.469974,-0.348384,1.155891,0.465468,0.255231,-2.044332,0.951517,-0.285133,2.578315,0.327258,0.399584,-1.204537,0.118705,-0.204857,-0.740926,0.075127,-0.892689,-1.468817,-1.187946,0.049368,-1.866871,-0.262863,0.287383,0.341016,0.900648,-0.309274,-0.143252,1.228113,0.234685,-2.672812,-1.152864,-1.156511,-0.142539,-1.769661,1.409137,1.091046,0.161028,-0.16812,-0.237451,-0.521668,0.34288,-2.01699,-0.291253,1.698809,-0.513703,-1.065315,-0.99993,-1.706116,-1.715563,0.820766,0.405859,-0.490109,-0.388952,-0.054549,-0.600628,-0.447406||None
 
 
c33a1a9ccb90a05a||10,03,2022,20,49,44||this is democracy now democracy now dot org the and peace report i'm amy goodman||1.17192,0.852048,1.87224,-0.902993,0.059821,-0.122222,0.01019,-0.515513,0.752672,-0.414761,1.161087,-0.778088,-0.868364,-1.873017,0.025137,1.422088,0.39613,-0.463318,-1.10313,0.66841,-2.054678,0.849111,1.496081,-2.828437,1.429397,0.941278,0.438992,1.438265,0.602879,0.44696,-0.485859,-0.542776,1.040505,1.207377,-0.707936,-0.48945,1.127225,-0.904949,-0.503469,0.560176,-2.080807,1.11224,0.906906,0.301681,-2.087783,1.268014,0.089311,0.015041,1.279235,-1.581577,1.304961,-0.557814,-1.345896,0.314856,0.604338,-0.90072,2.395132,0.688031,0.392939,-0.401612,2.694571,-0.53127,-0.48668,-1.78111,-1.093932,-0.308836,0.419659,-0.462383,1.101226,0.148267,-0.377492,-0.82184,0.539877,-0.082984,-1.124941,0.156319,0.082441,0.154266,0.049351,0.605137,1.184921,-0.176784,0.919293,1.491077,0.142328,-1.446862,-1.289051,-0.093422,0.185827,-2.179021,1.528873,0.337768,0.400009,-0.483028,0.937955,-0.364674,-0.533451,-0.319262,0.733985,2.374648,-0.892365,0.330782,-0.049332,-0.085007,-0.498035,0.99234,-1.137194,-0.691219,0.105799,0.200669,-0.315725,0.149968,-0.014708,-1.008642,0.857734,0.774641,-0.223445,0.125503,-0.325291,-0.793619,0.865314,1.47731,-0.711125,0.744656,-0.602974,1.356691,-0.975051,0.315247||None
 
 
f338ab0db671d00e||10,03,2022,20,49,56||as we return to our discussion with world renowned political dissident linguist noam chomsky normal shape and i recently spoke to him he was at his home in tucson||0.365713,0.966289,2.120635,-1.329401,0.287275,0.237759,-1.065061,-0.551461,0.213687,-0.487816,0.628827,0.616742,-2.189912,-0.658701,-0.465659,1.338773,0.015649,0.926218,-0.072119,-0.257836,-2.244022,0.952844,0.7019,-0.992343,1.149766,0.479695,0.322637,0.683732,0.825424,0.171384,-1.32657,-0.641329,-0.392482,1.237966,-0.05865,0.053572,2.160882,-0.665387,0.028485,-1.128712,-0.424214,2.06898,0.883148,0.496221,-0.251788,0.470391,-1.31164,-0.086111,-0.224798,-0.680287,1.99068,-1.000524,-0.842028,1.371755,0.081378,-0.662233,0.266129,0.575888,0.069467,-1.786021,1.668107,-0.386319,1.477109,-2.372444,-0.503047,-0.25545,-0.901699,0.021225,-0.099946,0.144076,0.037656,-1.95176,0.031224,-1.228696,-1.470238,0.801928,0.258577,0.529139,-0.254052,1.176257,0.841874,0.749658,0.324956,1.971287,1.288891,0.553043,-0.369356,0.415918,1.329983,-1.507379,-1.42946,0.480352,0.579243,0.879744,1.552834,-0.4435,-0.254003,-0.275917,-1.424554,1.39102,-0.273154,0.530034,-0.167503,-1.395569,-1.656224,0.05417,-0.204702,-1.93083,0.358204,-1.291988,-1.754618,-0.107291,-2.06794,-0.664219,1.053849,-0.002465,-0.257055,0.600862,0.520511,0.603361,0.565492,1.503498,-1.134948,1.067226,0.265486,0.447743,0.081738,0.578256||None
 
 
fa2b48c5289d6974||10,03,2022,20,50,55||no you||0.643209,0.702751,1.924643,-0.197569,-0.870479,-0.765208,0.186212,0.768232,-0.109852,-1.364282,1.041057,0.647651,0.251114,-1.961995,0.054375,0.252379,-0.89506,0.668909,-0.132687,-0.517202,-0.855173,-0.369438,1.190591,-1.810348,-0.03143,2.268186,0.370282,-0.235483,0.173158,0.308893,-1.652997,-1.469976,-0.560006,-0.157545,-0.175692,0.838256,0.493408,0.690778,-1.467973,0.907584,1.18466,-0.783558,-0.464009,1.456889,1.531664,0.498881,0.382653,0.200817,0.379317,-0.291797,1.05109,1.760049,-1.721956,0.211343,-0.97203,-0.820271,-0.050607,-0.036033,0.594531,-0.469606,1.127927,-0.078852,-1.274159,-1.174362,1.859905,-0.504253,-0.112903,1.211511,3.052864,-0.128419,1.430876,-1.988446,-1.36222,0.167289,-0.657186,0.620774,0.563649,-0.789675,1.383651,0.493019,0.03486,0.058615,-1.40135,0.361169,0.813541,-1.019033,-0.646946,-0.507109,-1.023754,-0.030619,1.1671,-0.855255,-1.079147,0.683392,0.973293,0.54982,-1.538132,1.417327,0.422508,0.752412,-0.578891,-1.70394,0.350191,0.016177,0.141695,-0.445662,-1.352748,-0.694639,-0.02722,-0.774614,0.417168,-0.019755,2.565267,-0.907465,1.585802,0.934423,-0.115537,0.269173,0.542184,0.452525,1.983684,-0.49575,0.393244,2.113925,0.912151,0.808753,-0.562153,0.382186||None
 
 
7f0789a4504adea8||10,03,2022,20,51,49||so i called the political leaders a gang of say this and i was wondering if you could elaborate on nest but also in all of your ninety three years have you ever seen such it||0.471619,0.496541,2.763216,-0.377359,0.055615,0.720258,-0.575923,-1.429678,0.602294,-0.800044,1.872569,-1.339772,-0.967231,-0.766513,0.22501,0.657724,-0.018474,0.201667,0.095239,0.262917,-1.625973,0.361848,1.31803,-2.062902,-0.116109,-0.150107,-0.245767,1.303499,0.320728,-0.918471,-1.127274,-1.565378,-0.409506,0.139184,0.221061,-0.607757,1.265314,-1.33033,-0.963003,-0.909789,-1.424205,1.351541,0.507103,0.057188,-1.700526,1.067738,0.64017,0.685064,0.852467,-1.79212,0.860055,-0.45211,-1.778143,0.988662,-1.047973,-1.014855,1.155718,0.209244,0.023055,-0.54638,2.35886,-0.215251,-0.312053,-2.609818,0.773013,0.150133,-0.475338,-0.367807,0.415661,0.042667,-0.340116,-1.680485,0.725661,-0.700267,-2.696939,0.896916,-0.297357,0.059401,-0.502825,0.57817,1.124209,-0.799626,-0.288124,0.771229,0.59124,-1.132095,-0.822725,-0.282132,1.055999,-1.536709,0.202681,0.669585,1.442057,0.232908,-0.921255,0.812968,-1.325522,0.865206,0.196223,1.691309,-0.381739,-0.464008,-0.042994,-0.180939,0.523099,0.785842,0.139661,-1.68658,0.007074,0.028063,-1.967008,0.712539,0.664917,-1.192881,1.905163,0.379051,0.266951,-0.171305,0.840045,0.062747,1.034682,1.20976,-0.89249,1.378716,-0.529132,0.849739,0.157255,-0.048377||None
 
 
e877a33e3281d4e1||10,03,2022,20,51,59||anti science anti fact||0.407848,1.019235,1.665655,0.189306,0.790482,1.085058,-0.883881,-0.489665,-0.031296,-1.273996,1.580544,-0.699067,0.533703,-2.260572,0.125308,1.630954,0.906444,1.002794,-1.409319,-0.478945,-0.800992,0.883515,2.287693,-1.671677,0.944345,0.422117,0.574466,1.191816,-0.402929,-0.095495,-1.599591,-1.702562,-1.300424,-0.146016,-0.135586,-1.437532,1.431987,-0.07317,-1.625028,-1.245693,-0.355051,-0.095058,1.093581,1.412575,0.44191,0.948781,0.8866,1.689035,-0.191369,-2.015796,0.657069,-1.406574,-1.595583,0.023784,0.541888,-0.770989,0.492476,0.694593,-0.89221,1.096877,2.365505,0.271124,-0.557318,-0.132551,0.41664,0.73361,-0.201255,0.216536,0.209372,-0.39886,-0.964678,-0.532504,0.106041,-0.215048,-1.238645,0.846869,2.093437,-0.808467,-0.410867,-0.090367,-0.126992,-0.006248,-1.22046,-0.080293,1.028477,-1.874714,-0.55343,0.841145,1.173387,0.040405,0.634034,-0.143845,0.856047,0.316436,0.604889,-1.149637,-1.48182,1.189559,0.176206,1.303929,-0.738647,-1.724225,0.340925,-0.759027,-0.92616,2.075283,-0.045347,-1.402406,0.453252,0.222514,-1.087762,-0.037921,-0.237616,0.247387,0.96061,0.545049,0.200731,0.847525,0.975092,1.608502,0.836908,0.444992,-0.812388,1.177714,1.021366,-0.419296,0.064606,0.823281||None
 
 
04c0b3cc0f664da9||10,03,2022,20,52,12||trend in this country before and then if you can talk about how it links up with other such movements around the world and how it should be dealt with||0.364453,0.603725,1.736487,-0.780906,0.298001,0.463062,-0.458966,-0.555955,0.82228,-0.94107,1.366927,-0.090898,-2.057948,-1.862553,-0.332735,1.040254,0.088687,-0.021002,-1.0259,-0.16951,-1.641787,1.107963,0.97731,-2.740517,0.173506,0.688884,0.447996,1.220082,-0.707521,-0.181822,-1.138823,-1.852618,-1.001949,0.533411,0.144267,0.438547,1.998268,-0.686377,-0.776118,-0.576819,-0.953643,1.830273,0.531471,2.061935,-0.004711,0.967999,0.71733,-0.734708,0.227894,-1.10959,0.727603,-0.114556,-1.612903,-0.241659,0.919736,-0.934119,0.111166,0.297698,0.511516,0.150135,2.145516,-0.780801,-1.139788,-1.890336,-0.26059,-0.449249,-0.688137,-0.344589,0.213855,-0.413042,0.316839,-1.208016,0.381097,-0.28757,0.053554,-1.04755,0.253106,0.122595,-0.962675,-0.679462,2.786241,-0.146226,-0.583249,1.323007,1.143703,-0.858428,0.063127,0.281404,0.105818,-1.945942,-0.138228,0.49853,1.194965,-0.664738,0.171491,-0.445428,-0.694723,0.181321,0.215794,1.921726,-1.045586,0.570231,0.530194,-0.478799,-1.347738,2.162241,0.073647,0.068639,-0.848487,-0.802914,-0.84281,0.571602,1.046074,-0.65743,1.409601,1.08873,-0.001899,1.834484,1.445042,0.782874,0.026407,0.955521,-1.164927,0.34589,1.652865,0.056704,-0.630491,-0.669486||None
 
 
52adbf0cbbdedf50||10,03,2022,20,52,20||room key food to those booty||-0.431934,0.734801,0.095961,0.031402,0.176838,-0.567191,-1.129555,-0.048412,0.330657,-0.583521,0.934978,-1.411746,0.273775,0.216622,1.20962,0.42712,-2.037139,0.513673,0.10664,-0.689418,0.041193,1.814938,1.80718,-1.428918,-0.96858,-0.125836,-1.28574,0.098652,1.126469,1.949859,-0.780123,-0.978511,-0.0161,0.077416,-0.011863,-0.253968,0.012687,-0.211562,0.722858,1.158916,0.298898,-0.552092,0.921736,-1.140636,-2.305928,1.753365,1.154756,-1.173055,0.963916,-0.294527,0.179104,0.262706,-0.213796,1.230207,-0.393986,0.694133,-0.30265,-0.097378,1.05247,-0.123405,1.922515,-0.375936,0.656272,-1.813173,0.558622,-1.82563,-1.24862,1.705116,-0.219431,1.131396,-0.93178,-0.766653,-0.396424,-1.248413,0.907336,-0.222648,-0.47613,0.217229,1.995207,1.105632,1.393953,-0.216115,0.93842,0.587435,-2.193357,0.979848,-0.129702,1.825495,-0.920832,-0.464734,-1.43916,-0.701469,-0.595336,-1.948632,0.001883,-0.166735,0.254883,-1.045836,-0.759109,1.586635,-0.356191,-1.60904,0.896134,-1.64876,0.456173,-1.237377,0.650394,-0.914393,-1.232315,0.405178,-0.704084,-0.203275,0.355473,-1.006455,1.413307,-0.132295,-0.446788,1.052794,-0.178598,0.383098,-2.288607,1.149191,-0.466174,0.424876,-1.18277,1.397735,-0.520686,-0.193568||None
 
 
340cd3476bfb309f||10,03,2022,20,52,22||strewn ooh ooh||-0.339182,0.376761,1.886608,0.144324,-0.607506,-0.155639,-0.874152,-0.401043,-0.218025,-0.699212,0.199272,-0.575132,0.122976,0.04681,0.800367,1.570908,-0.686528,0.880495,1.253701,1.751202,-0.491627,1.539566,1.508968,-0.217758,-0.551361,-0.286732,-0.596994,-1.784312,0.703092,-0.706332,-0.775398,0.188905,1.277198,0.194507,0.12124,-1.107594,-0.553598,-0.338232,0.572,-0.642276,-0.796383,0.227374,-0.228157,0.592904,-1.671988,1.47783,1.311709,-1.700928,1.327078,-0.338489,0.546367,0.412257,-0.000974,0.177164,0.436164,-2.395201,1.450564,-0.267266,0.203081,0.62613,0.231561,-0.415268,-2.262397,1.273292,-2.200176,-1.230202,-0.210888,-0.643958,1.061967,-0.216741,-0.047332,0.379295,-0.905912,-1.083562,1.699142,-0.186269,-0.784648,0.483955,1.573069,0.476702,0.807255,-0.078523,0.446228,0.087514,0.276676,-0.345836,0.190176,0.010323,0.414485,-0.268128,-0.27129,-1.241694,-0.785438,-1.073548,0.162462,1.420081,-0.125533,-0.273437,1.172485,1.160238,0.914274,-1.621332,1.253445,-1.566598,-0.909274,-0.866517,-0.656404,-1.70339,-1.659088,-0.418408,-1.008334,0.965168,1.525001,-1.472687,0.601259,-0.334399,-1.190764,-0.298636,0.027775,-0.326442,-1.082288,2.679309,0.289076,1.708979,0.10609,2.00918,-1.849388,0.969402||None
 
 
e3e1788805a2b078||10,03,2022,20,52,31||food change to remove to significant portion of speech for a long time||-0.346,1.131188,0.888997,-0.131074,0.151433,-0.205396,-1.118813,0.127215,0.631476,-0.555666,1.030603,-1.655264,-0.089772,0.05621,1.787379,0.246359,-0.981275,0.914489,-0.260112,0.055474,-0.343932,0.509788,2.311951,-1.579242,-0.582523,0.318499,-0.882278,-0.507957,0.513707,0.926061,0.198692,-0.493852,0.698933,0.659504,0.517785,-1.188185,-0.185998,0.036304,-0.248009,1.400398,-0.43493,-0.356512,0.455332,-0.86306,-3.073303,2.123536,1.216198,-1.772326,2.194819,-0.707892,1.226727,0.059618,-0.852292,0.504278,-0.066505,0.124784,0.280724,0.441024,0.272703,-1.524273,0.66999,-0.726123,0.998905,-0.464906,-1.024644,-0.515936,-1.604399,1.181086,-0.093874,1.401888,-0.651484,-0.871466,-0.18748,-0.715756,1.190242,1.95405,-0.768474,-0.198532,1.269898,-0.015782,0.799667,-0.605503,-0.003816,-0.249413,-0.47564,0.754896,-1.556394,1.38387,-1.070461,-0.08544,-1.499311,-0.835408,-0.192667,-0.781574,1.137189,0.241078,1.00984,-0.772632,-0.776491,1.007917,-0.763112,-1.752562,0.164981,-1.678409,0.809214,-1.983957,-0.139899,-1.75374,-0.424999,-0.312168,-1.848646,1.263676,1.198735,-0.300911,1.659848,0.167188,-0.410712,1.029357,0.994376,0.835563,-0.988008,0.9238,-1.774454,-0.091581,-0.374467,1.365924,-0.706384,0.567998||None
 
 
da175ebd39e5dbd3||10,03,2022,20,52,34||issues is country the road the scoops true||-0.284829,1.33961,0.701759,0.057167,0.230717,-0.325446,-0.796487,-0.166605,0.628966,0.486948,1.381562,-0.951101,0.011158,0.003434,2.347993,0.670387,-1.709725,1.022633,0.045926,0.120218,-0.732707,1.410248,1.886294,-0.965082,-1.165674,0.470002,-1.027049,0.305264,1.10669,0.73575,-0.813473,-0.94795,0.096742,-0.511759,0.647546,-0.243666,0.345651,-0.074919,0.417495,0.286975,-0.176414,-0.135571,-0.230306,-1.254318,-2.383537,2.285996,0.487482,-0.986497,1.416733,-0.863965,0.752348,0.892786,-0.718365,0.669306,-0.354098,-0.316489,0.354588,1.319365,-0.529766,-0.188537,1.567162,-0.264495,0.822024,-0.5144,-1.047806,0.020081,-1.87937,0.102203,0.249872,0.975831,0.484327,-0.59103,0.334366,0.543153,1.650906,1.78816,-0.772016,-0.102176,0.739738,0.650188,0.540472,-0.055962,0.403991,-0.750468,-0.115823,-0.025639,-0.959041,1.872514,-1.095879,0.549972,-1.535303,-0.044457,-0.91046,-0.51129,1.708639,-0.311974,1.286913,-0.382952,-0.190343,1.373503,-1.123673,-0.591873,-0.094643,-2.168675,0.926506,-0.255203,0.237674,-1.755891,-0.803495,-0.693867,-1.243093,1.259567,1.953194,-0.583917,1.659776,-0.230257,0.36363,1.392292,0.402444,1.881911,-0.488226,1.95879,-2.322211,0.343469,-0.699564,1.670202,0.044146,0.953298||None
 
 
3c679fa0083d2d0e||10,03,2022,20,52,43||oh lucia an unusual oh renewed on stage to ooh||-0.113475,1.253291,0.856872,0.504467,0.089965,-0.09841,-0.976228,0.178106,0.588978,-0.254568,0.843546,-0.764613,-0.483597,0.054426,1.97071,0.507454,-1.871302,0.81443,0.193127,-0.207704,-1.263644,1.212781,2.600379,-1.807413,-1.31245,-0.322355,-0.720193,-0.297082,1.249694,1.552735,-0.493967,-0.746252,0.09313,0.422955,0.08273,-0.075218,0.398918,-0.405953,0.032173,0.255179,-0.060364,-0.210615,0.021107,-2.195067,-2.614603,2.157412,0.721954,-1.041418,1.617377,-0.920586,1.03197,0.007525,-0.557719,0.624638,0.149865,-0.785597,0.6271,0.271154,0.098723,0.302547,1.52882,-0.442448,0.201993,-0.218168,-0.284616,-0.701389,-1.379555,0.404085,-0.259067,0.713252,0.01207,-0.089286,-0.724506,0.713358,1.325927,1.274852,-1.723833,0.026155,0.255409,0.066695,0.542038,-1.143825,0.796828,-0.40342,-1.128052,-0.399615,-1.667617,1.162896,-1.627167,0.639493,-0.688663,-1.144511,-0.312068,-0.045633,1.573581,0.123485,1.665168,-0.503094,0.038134,1.810458,-0.845275,-1.233241,0.530446,-1.752736,0.561195,-0.849383,0.419773,-2.539575,-1.628123,0.395097,-0.893645,0.785495,1.178651,-1.153287,-0.023046,0.707444,-0.40872,1.690827,0.794479,0.852088,-0.711336,0.174204,-1.817646,-0.125483,-1.015466,1.417001,-1.183711,0.648709||None
 
 
3a41c45fb2186ff4||10,03,2022,20,52,47||but even joe ago||-0.477388,0.9542,0.400384,0.193832,0.209601,-0.601327,-0.996658,0.2274,0.747221,-0.147221,0.751711,-0.572203,0.169154,0.658524,1.110056,0.858689,-0.73767,0.238653,-0.276996,-0.163167,-0.256931,0.936182,2.36301,-1.245861,-0.863994,-0.589019,-1.348977,-0.497675,0.28911,1.664405,0.323842,-0.583408,-0.267896,0.160384,0.766415,-0.180803,-0.373398,0.061938,-0.034828,0.358633,-0.066621,-0.314888,-0.148723,-2.054797,-1.369351,3.129862,1.505339,-1.485732,0.84493,-0.750927,0.237177,0.659294,-0.533009,-0.02022,0.821525,0.47226,1.958064,1.344619,-0.129395,0.597754,1.58482,0.189408,1.095338,-0.36053,-0.642037,-1.014526,-0.976198,0.821137,0.561729,0.953061,-0.04511,-0.825223,-1.122935,0.527879,1.369061,1.188737,-1.165494,0.083802,0.160755,1.396717,0.670008,-0.293588,-0.00459,-1.417228,-1.337254,-0.392191,0.291669,3.193686,-0.654145,-0.979329,0.50801,-1.294516,-1.585044,-0.020711,0.903151,-0.642286,2.981736,-0.129465,0.305499,2.080122,-0.436211,-0.284136,-0.803826,-1.516062,0.052145,-1.644605,-0.130578,-1.576787,-0.972883,1.115815,-1.075828,-0.378374,0.740883,0.307562,0.569219,0.776777,-0.138118,1.424339,0.395198,0.390367,0.134781,-1.436984,-1.437839,-0.370561,-1.484086,-0.404455,-0.507798,0.822247||None
